947988 190 -1 -1
557478 188 -1 -1
382833 185 -1 -1
336733 184 -1 -1
317189 183 -1 -1
305342 183 -1 -1
279056 182 -1 -1
270180 182 -1 -1
267832 181 -1 -1
261072 180 -1 -1
186365 178 -1 -1
156535 177 -1 -1
115281 175 -1 -1
110120 174 -1 -1
105369 174 -1 -1
93843 173 -1 -1
88975 172 -1 -1
86716 172 -1 -1
76174 171 -1 -1
69829 170 -1 -1
62630 169 -1 -1
56520 168 -1 -1
44674 167 -1 -1
42314 166 -1 -1
21661 161 -1 -1
14821 156 -1 -1
13838 155 -1 -1
12885 154 -1 -1
10063 151 -1 -1
9182 150 -1 -1
9097 149 -1 -1
8741 149 -1 -1
8558 148 -1 -1
8534 148 -1 -1
8475 147 -1 -1
8146 146 -1 -1
7599 144 -1 -1
7192 143 -1 -1
6833 142 -1 -1
6510 141 -1 -1
6096 140 -1 -1
6094 140 -1 -1
5496 138 -1 -1
5132 137 -1 -1
5112 137 -1 -1
4992 136 -1 -1
4663 135 -1 -1
4320 134 -1 -1
4213 134 -1 -1
4165 133 -1 -1
4117 133 -1 -1
4092 132 -1 -1
3843 131 -1 -1
3822 131 -1 -1
3782 130 -1 -1
3766 130 -1 -1
3615 129 -1 -1
3611 129 -1 -1
3496 128 -1 -1
3327 128 -1 -1
3147 127 -1 -1
2945 126 -1 -1
2907 126 -1 -1
2899 125 -1 -1
2895 125 -1 -1
2488 124 -1 -1
2415 123 -1 -1
2374 123 -1 -1
2256 122 -1 -1
1475 120 -1 -1
1214 119 -1 -1
1068 117 -1 -1
1026 117 -1 -1
969 116 -1 -1
792 115 -1 -1
791 115 -1 -1
791 114 -1 -1
673 114 -1 -1
575 113 -1 -1
569 113 -1 -1
522 112 -1 -1
388 111 -1 -1
275 110 -1 -1
261 109 -1 -1
203 109 -1 -1
89 107 -1 -1
86 107 -1 -1
52 106 -1 -1
37 105 -1 -1
21 104 -1 -1
2 102 -1 -1
2 101 -1 -1
1 100 -1 -1
1 99 -1 -1
1 99 -1 -1
1 98 -1 -1
1 98 -1 -1
2 101 97 96
2 100 95 94
3 102 93 99
4 103 98 92
5 103 91 100
9 104 101 102
30 105 103 90
67 106 104 89
119 108 88 105
175 108 87 86
294 110 106 107
464 111 85 84
569 112 83 108
852 116 82 109
1091 118 81 110
1144 118 80 79
1464 119 78 77
1583 120 76 75
1821 121 111 74
2094 121 73 72
2235 122 112 113
2678 124 71 114
3058 127 70 115
3915 132 116 117
4491 135 118 69
4789 136 68 67
5166 138 66 119
5794 139 65 64
5852 139 63 62
6205 141 120 61
6823 142 60 59
7226 143 58 57
7548 144 56 55
7665 145 54 53
8007 145 121 52
8282 146 51 50
8533 147 49 48
9154 150 122 47
9781 151 123 46
10244 152 45 44
10662 152 124 43
11646 153 125 126
12190 153 42 41
12715 154 127 40
13656 155 128 39
14418 156 38 129
15147 157 130 37
15672 157 131 132
16428 158 36 133
17008 158 35 134
17092 159 34 33
17838 159 32 31
18336 160 135 30
19844 160 136 29
20906 161 137 138
23836 162 139 140
25600 162 141 28
27494 163 142 27
29239 163 143 26
30819 164 144 145
33436 164 146 147
34930 165 148 149
38180 165 150 151
42567 166 152 25
49436 167 153 154
56733 168 155 156
64255 169 157 158
73110 170 159 160
84881 171 24 161
94110 173 23 162
113253 175 22 163
126885 176 21 164
142939 176 20 165
161055 177 19 166
175691 178 18 17
187953 179 16 167
215489 179 15 14
228534 180 168 13
269824 181 169 170
317590 184 12 171
362056 185 172 11
403442 186 173 174
489606 186 175 10
537656 187 9 176
549236 187 8 7
622531 188 6 5
654323 189 177 4
744889 189 178 3
893048 190 179 180
1086892 191 181 182
1180009 191 2 183
1399212 192 184 185
1841036 192 186 1
2266901 193 187 188
3240248 193 189 190
5507149 0 191 192
