32 947988
101 557478
116 382833
97 336733
111 317189
110 305342
105 279056
114 270180
115 267832
104 261072
100 186365
108 156535
117 115281
99 110120
102 105369
109 93843
44 88975
119 86716
103 76174
112 69829
121 62630
98 56520
46 44674
118 42314
107 21661
84 14821
10 13838
73 12885
59 10063
77 9182
49 9097
67 8741
34 8558
83 8534
65 8475
70 8146
120 7599
72 7192
76 6833
113 6510
93 6096
91 6094
45 5496
80 5132
50 5112
66 4992
54 4663
69 4320
78 4213
79 4165
55 4117
68 4092
51 3843
39 3822
82 3782
74 3766
53 3615
233 3611
106 3496
52 3327
87 3147
56 2945
86 2907
48 2899
71 2895
8212 2488
57 2415
122 2374
63 2256
42 1475
81 1214
58 1068
75 1026
89 969
40 792
232 791
41 791
224 673
8220 575
8221 569
85 522
8217 388
33 275
88 261
234 203
9 89
38 86
8230 52
90 37
65505 21
125 2
47 2
94 1
225 1
124 1
123 1
8216 1
